28088187.503
37293372.086
37821000.502
45019483.473
46310237.855
53197064.781
49282834.909
50218147.451
56567955.389
52945190.752
68689565.687
56450700.983
77357190.666
62334843.073
71389294.640
60381042.700
77004848.297
63844048.519
88398302.195
65424212.513
91063837.764
70878950.267
93664731.727
72893174.114
95576650.318
70108612.667
114374024.722
72653404.007
107746846.930
74276323.907
111009011.464
76599804.347
113425492.467
81316683.569
131616640.638
83056518.496
139682524.845
85300494.683
149948015.843
82696752.679
132583797.030
81963490.807
148352289.071
83891660.417
134069021.175
86041349.733
140413523.400
91833984.843
144368773.571
97638744.109
178365329.150
100052742.924
150781534.486
98387327.036
155156096.971
96746652.436
186351665.883
104479245.140
162340436.857
100049297.561
184355659.050
104065402.930
167691710.481
104912403.770
173244589.300
108032174.030
208037512.820
112322569.083
212317870.480
116679313.500
179988324.467
115289462.556
201867080.840
114003523.611
210319735.040
122575634.047
195681961.500
117888110.889
196941080.200
118023451.178
197916114.117
124912952.126
220018997.660
121306688.244
204614370.040
122392843.344
206167471.780
129438739.500
250230217.830
121215488.078
209962005.240
129856951.938
217428520.400
124757111.829
215989335.060
125127220.251
218311331.620
130707020.950
223132067.520
132221870.725
242975294.840
130943290.525
